565479
327805
98709
442468
499930
467232
450590
483425
524628
549236
295097
442695
74030
254228
532693
82144
164292
33111
90367
540774
565663
467187
246076
57445
73864
253981
295263
74001
336286
401681
467339
369041
98560
467203
581873
573759
295103
253988
229603
115119
516458
16761
156025
377278
262561
164186
467257
442506
16730
98612
442672
557219
344460
434593
254138
467318
49370
164114
459084
376984
368905
41311
410016
237897
106545
327810
90359
335955
541067
295329
385168
254074
245953
475380
98304
172310
16677
311596
286932
418049
131497
360570
516396
467252
450910
8458
426151
401836
82312
369058
57703
32892
524665
155997
532718
467130
180641
205035
278550
24861
106624
229522
114891
90540
180373
221416
123175
426342
368970
254050
131087
106900
491904
294968
122934
327804
549109
491660
106525
418110
385186
360595
57702
548946
524291
327845
565582
450653
90366
491831
237881
188546
459111
516422
319738
307
106621
532769
90173
303253
319714
287041
400
450666
74
311301
524382
434275
516265
442761
262418
327944
491556
114869
311683
24762
336172
352558
16775
540922
426418
450672
270785
57631
410005
516146
139500
16759
147890
385066
270744
221523
442450
516194
74035
